1778778334206 5611826.449722473 1
1778778390858 64860.84825504758 2
1778778448413 12356.518837006495 3
1778778501708 4510.612003781668 4
1778778551227 1911.0456208908017 5
1778778597722 1208.463279943898 6
1778778644148 1009.3697009930395 7
1778778697263 757.0239378375771 8
1778778750525 586.6331843623409 9
1778778803402 462.8711844236272 10
1778778857545 395.76673185874404 11
1778778911981 2641.3884439350645 12
1778778970907 786.7525712629405 13
1778779020349 624.3867260968244 14
1778779070288 5152.005395834338 15
1778779120519 95660.59480995209 16
1778779170116 18609.818630140013 17
1778779223453 1784.7466865194187 18
1778779274662 8946.352832056367 19
1778779325200 3400.3160983113103 20
1778779377064 1651.498074504083 21
1778779429150 1383.8112829388906 22
1778779483359 75117.10603539737 23
1778779531693 531289.5058513375 24
1778779573358 951262.0106738684 25
1778779615949 561441.0038580247 26
1778779670042 nan 27
1778779730867 nan 28
1778779789981 nan 29
1778779844723 nan 30
1778779894130 nan 31
1778779942761 nan 32
1778779996877 nan 33
1778780054564 nan 34
1778780110591 nan 35
1778780165554 nan 36
1778780219253 nan 37
1778780272540 nan 38
1778780330742 nan 39
1778780385813 nan 40
1778780439767 nan 41
1778780495309 nan 42
1778780551024 nan 43
1778780606243 nan 44
1778780660184 nan 45
1778780717101 nan 46
1778780772583 nan 47
1778780825891 nan 48
1778780882519 nan 49
1778780940353 nan 50
