1778764744704 0.0774020812485689 1
1778764865453 -0.10318389032112718 2
1778764986832 -0.07288734275280448 3
1778765107994 -0.04743496275702377 4
1778765228904 -0.029703028760697126 5
1778765349475 -0.020244050560204827 6
1778765469881 -0.015971815968583887 7
1778765590348 -0.013371290363095424 8
1778765711119 -0.012411375783974067 9
1778765831584 -0.011827772786484364 10
1778765951671 -0.011790722018345393 11
1778766072274 -0.011444008578603834 12
1778766191628 -0.011424116092760866 13
1778766311511 -0.012073949518816645 14
1778766432265 -0.01209362394726402 15
1778766553736 -0.012250642788044556 16
1778766673033 -0.01176606860958469 17
1778766794641 -0.01167109703028061 18
1778766915257 -0.012379559450648694 19
1778767035837 -0.012465687563983962 20
1778767156692 -0.012817602158129339 21
1778767277066 -0.010956497311998359 22
1778767396897 -0.010451702014907213 23
1778767516802 -0.011431037989701815 24
1778767636229 -0.01211127170999707 25
1778767755061 -0.01130131277046837 26
1778767890043 -0.010386303338843087 27
1778768055012 -0.010711262078281231 28
1778768218587 -0.009771014091850033 29
1778768383005 -0.009295647609844773 30
1778768546767 -0.010090861790008659 31
1778768712548 -0.009804048975009793 32
1778768899513 -0.010403541413063008 33
1778769088342 -0.011199369798069474 34
1778769266789 -0.010931919553075676 35
1778769467984 -0.010026207817967505 36
1778769677976 -0.010768319469581476 37
1778769858611 -0.01118671816559087 38
1778770022730 -0.011276040031716473 39
1778770196998 -0.009988260835815421 40
1778770369846 -0.01215037341428913 41
1778770544383 -0.012417044519320315 42
1778770721380 -0.010924800220060588 43
1778770904008 -0.012971683766562568 44
1778771079941 -0.01318739715162588 45
1778771250066 -0.013228612241944597 46
1778771411181 -0.013474011834933127 47
1778771573022 -0.013250580397645326 48
1778771733492 -0.01335508912924386 49
1778771893002 -0.014689814955678313 50
1778772052698 -0.015282265719317605 51
1778772213979 -0.015579479414042193 52
1778772374864 -0.01612525169235566 53
1778772523707 -0.01644655077722031 54
1778772663582 -0.016473305234378934 55
1778772780994 -0.01626198583113896 56
1778772900178 -0.01556762462911108 57
1778773017959 -0.016631728899569362 58
1778773134808 -0.01662733881071271 59
1778773252086 -0.016614448299263545 60
1778773369554 -0.01629981070990701 61
1778773487288 -0.01699359170563611 62
1778773605762 -0.017728914444453615 63
1778773725771 -0.01780129056098131 64
1778773842049 -0.01886823837963458 65
1778773960199 -0.018468843043854637 66
1778774077611 -0.018923714730137414 67
1778774195173 -0.019082781063477074 68
1778774314612 -0.0188613291312423 69
1778774436254 -0.01924283978042534 70
1778774559880 -0.01958268413074897 71
1778774683146 -0.019285460860265318 72
1778774805375 -0.020615452214492937 73
1778774927740 -0.020348632807839554 74
1778775050758 -0.020877994637200494 75
1778775173377 -0.020474088148294406 76
1778775295841 -0.004030977126686171 77
1778775421667 -0.006435082767373372 78
1778775544001 -0.007389705882066623 79
1778775666675 -0.04658147903952609 80
1778775790416 -0.07221047470390168 81
1778775926270 -0.015049839108691785 82
1778776048727 -0.003004311204508499 83
1778776169867 -0.02928208495172147 84
1778776292742 -0.03680487439024872 85
1778776417558 -0.020097609139632034 86
1778776554012 -0.0362545646872724 87
1778776680906 -0.03283102975711763 88
1778776810860 -0.036177054797816605 89
1778776944128 -0.04140592485650944 90
1778777076464 -0.03968093618980528 91
1778777209053 -0.0425978628266986 92
1778777346289 -0.0438371358799591 93
1778777477089 -0.046077956483841186 94
1778777606571 -0.04764430229877861 95
1778777736940 -0.04965073657854472 96
1778777868433 -0.051396360268256794 97
1778778007885 -0.054948674982467305 98
1778778146006 -0.057921448009617536 99
1778778280222 -0.06023920286032888 100
