1778764744704 0.11559470162501707 1
1778764865453 0.12255906049433292 2
1778764986832 0.12651918612590468 3
1778765107994 0.1278164686603851 4
1778765228904 0.1261095179571214 5
1778765349475 0.13123037006691246 6
1778765469881 0.13273248668578452 7
1778765590348 0.13191315034821793 8
1778765711119 0.13068414584186808 9
1778765831584 0.13607811006418136 10
1778765951671 0.13635122217670353 11
1778766072274 0.13191315034821793 12
1778766191628 0.13956028949883928 13
1778766311511 0.13245937457326232 14
1778766432265 0.13375665710774273 15
1778766553736 0.1418817424552779 16
1778766673033 0.13505393964222312 17
1778766794641 0.13150348217943467 18
1778766915257 0.13061586781373755 19
1778767035837 0.13409804724839547 20
1778767156692 0.13764850471118395 21
1778767277066 0.13648777823296462 22
1778767396897 0.1375802266830534 23
1778767516802 0.13833128499248942 24
1778767636229 0.14113068414584187 25
1778767755061 0.13894578724566434 26
1778767890043 0.1388775092175338 27
1778768055012 0.13880923118940325 28
1778768218587 0.13976512358323093 29
1778768383005 0.13894578724566434 30
1778768546767 0.13778506076744504 31
1778768712548 0.14085757203331967 32
1778768899513 0.13116209203878193 33
1778769088342 0.1358732759797897 34
1778769266789 0.13362010105148164 35
1778769467984 0.13280076471391505 36
1778769677976 0.12959169739177934 37
1778769858611 0.1317083162638263 38
1778770022730 0.13437115936091765 39
1778770196998 0.13505393964222312 40
1778770369846 0.12952341936364878 41
1778770544383 0.13669261231735627 42
1778770721380 0.1364195002048341 43
1778770904008 0.13177659429195684 44
1778771079941 0.13921889935818654 45
1778771250066 0.1344394373890482 46
1778771411181 0.12959169739177934 47
1778771573022 0.1340297692202649 48
1778771733492 0.1349856616140926 49
1778771893002 0.13648777823296462 50
1778772052698 0.13826300696435886 51
1778772213979 0.13396149119213438 52
1778772374864 0.12692885429468798 53
1778772523707 0.13416632527652603 54
1778772663582 0.1358732759797897 55
1778772780994 0.13867267513314216 56
1778772900178 0.13232281851700123 57
1778773017959 0.13751194865492283 58
1778773134808 0.12665574218216577 59
1778773252086 0.13471254950157038 60
1778773369554 0.13792161682370613 61
1778773487288 0.13047931175747646 62
1778773605762 0.13409804724839547 63
1778773725771 0.1378533387955756 64
1778773842049 0.1317083162638263 65
1778773960199 0.13293732077017617 66
1778774077611 0.13594155400792024 67
1778774195173 0.13682916837361736 68
1778774314612 0.137034002458009 69
1778774436254 0.12877236105421275 70
1778774559880 0.1371705585142701 71
1778774683146 0.12931858527925713 72
1778774805375 0.1356001638672675 73
1778774927740 0.13696572442987848 74
1778775050758 0.1373071145705312 75
1778775173377 0.12822613682916836 76
1778775295841 0.1375802266830534 77
1778775421667 0.13123037006691246 78
1778775544001 0.0012290045063498567 79
1778775666675 0.11921343711593609 80
1778775790416 0.019868906185989348 81
1778775926270 0.1358732759797897 82
1778776048727 0.13368837907961217 83
1778776169867 0.14297419090536664 84
1778776292742 0.13532705175474533 85
1778776417558 0.0439027720879421 86
1778776554012 0.12235422640994129 87
1778776680906 0.11491192134371159 88
1778776810860 0.07797350812508534 89
1778776944128 0.10398743684282398 90
1778777076464 0.08882971459784242 91
1778777209053 0.13505393964222312 92
1778777346289 0.14092585006145023 93
1778777477089 0.08678137375392599 94
1778777606571 0.07968045882834904 95
1778777736940 0.0879421002321453 96
1778777868433 0.07551549911238563 97
1778778007885 0.07080431517137785 98
1778778146006 0.09743274614229142 99
1778778280222 0.08876143656971186 100
