1778764744704 0.03741635941554008 1
1778764865453 0.12098866584733033 2
1778764986832 0.3778506076744504 3
1778765107994 0.5574900996859211 4
1778765228904 0.6919978151030998 5
1778765349475 0.786289771951386 6
1778765469881 0.8186535572852656 7
1778765590348 0.8374982930492967 8
1778765711119 0.8532705175474532 9
1778765831584 0.843028813327871 10
1778765951671 0.8677454595111294 11
1778766072274 0.8625563293732077 12
1778766191628 0.8807182848559334 13
1778766311511 0.8773726614775366 14
1778766432265 0.8447357640311348 15
1778766553736 0.8757339888024034 16
1778766673033 0.869315854158132 17
1778766794641 0.8613956028949884 18
1778766915257 0.858732759797897 19
1778767035837 0.8821521234466748 20
1778767156692 0.8763484910555783 21
1778767277066 0.8550457462788474 22
1778767396897 0.8823569575310665 23
1778767516802 0.8508125085347535 24
1778767636229 0.8773726614775366 25
1778767755061 0.8551823023351086 26
1778767890043 0.8583230916291138 27
1778768055012 0.849378669944012 28
1778768218587 0.8140106513723884 29
1778768383005 0.8047931175747645 30
1778768546767 0.8241157995357095 31
1778768712548 0.8077973508125086 32
1778768899513 0.7315307933906868 33
1778769088342 0.7900450634985662 34
1778769266789 0.7513314215485457 35
1778769467984 0.7671719240748327 36
1778769677976 0.7255906049433293 37
1778769858611 0.76683053393418 38
1778770022730 0.705243752560426 39
1778770196998 0.6641403796258364 40
1778770369846 0.6810050525740816 41
1778770544383 0.6706267922982384 42
1778770721380 0.7095452683326505 43
1778770904008 0.6941827120032773 44
1778771079941 0.6736310255359825 45
1778771250066 0.6560835723064318 46
1778771411181 0.6429059128772361 47
1778771573022 0.6420865765396695 48
1778771733492 0.6178478765533252 49
1778771893002 0.5977058582548136 50
1778772052698 0.6035094906459102 51
1778772213979 0.5568073194046156 52
1778772374864 0.5807729072784378 53
1778772523707 0.6157995357094087 54
1778772663582 0.5800901269971324 55
1778772780994 0.5869862078383177 56
1778772900178 0.5597432746142291 57
1778773017959 0.6021439300832991 58
1778773134808 0.58104601939096 59
1778773252086 0.5660931312303701 60
1778773369554 0.5165232828075925 61
1778773487288 0.4830670490236242 62
1778773605762 0.5325003413901407 63
1778773725771 0.5004096681687833 64
1778773842049 0.4946743138058173 65
1778773960199 0.520824798579817 66
1778774077611 0.5246483681551277 67
1778774195173 0.5452000546224225 68
1778774314612 0.5148846101324593 69
1778774436254 0.5075788611224907 70
1778774559880 0.5017752287313942 71
1778774683146 0.49549365014338387 72
1778774805375 0.506349856616141 73
1778774927740 0.48374982930492966 74
1778775050758 0.5017069507032637 75
1778775173377 0.48381810733306024 76
1778775295841 0.45855523692475764 77
1778775421667 0.5011607264782193 78
1778775544001 0.00027311211252219035 79
1778775666675 0.021985525058036325 80
1778775790416 0.00792025126314352 81
1778775926270 0.027584323364741228 82
1778776048727 0.023965587873822206 83
1778776169867 0.029564386180527105 84
1778776292742 0.03646046702171241 85
1778776417558 0.006896080841185307 86
1778776554012 0.05776321179844326 87
1778776680906 0.023351085620647277 88
1778776810860 0.012358323091629113 89
1778776944128 0.03004233237744094 90
1778777076464 0.024443534070736038 91
1778777209053 0.02772087942100232 92
1778777346289 0.027106377167827392 93
1778777477089 0.024443534070736038 94
1778777606571 0.03611907688105968 95
1778777736940 0.04718011743820839 96
1778777868433 0.043766216031681 97
1778778007885 0.03925986617506486 98
1778778146006 0.05475897856069917 99
1778778280222 0.0539396422231326 100
