1778764744704 0.0006827802813054759 1
1778764865453 0.008603031544448997 2
1778764986832 0.0327051754745323 3
1778765107994 0.05161818926669398 4
1778765228904 0.06404479038645364 5
1778765349475 0.07572033319677728 6
1778765469881 0.08521097910692339 7
1778765590348 0.08548409121944558 8
1778765711119 0.08343575037552915 9
1778765831584 0.09313123037006692 10
1778765951671 0.09442851290454732 11
1778766072274 0.09640857572033319 12
1778766191628 0.10337293458964905 13
1778766311511 0.09879830670490236 14
1778766432265 0.0992762529018162 15
1778766553736 0.10822067458691793 16
1778766673033 0.10173426191451591 17
1778766794641 0.09859347262051071 18
1778766915257 0.09879830670490236 19
1778767035837 0.10275843233647412 20
1778767156692 0.10439710501160726 21
1778767277066 0.10296326642086577 22
1778767396897 0.11129318585279258 23
1778767516802 0.10364604670217124 24
1778767636229 0.11013245937457326 25
1778767755061 0.10480677318039056 26
1778767890043 0.10521644134917384 27
1778768055012 0.10030042332377441 28
1778768218587 0.09859347262051071 29
1778768383005 0.09374573262324185 30
1778768546767 0.09750102417042196 31
1778768712548 0.09879830670490236 32
1778768899513 0.08138740953161273 33
1778769088342 0.08958077290727844 34
1778769266789 0.08329919431926806 35
1778769467984 0.07694933770312713 36
1778769677976 0.0766079475624744 37
1778769858611 0.07237470981838044 38
1778770022730 0.06616140925850061 39
1778770196998 0.06424962447084528 40
1778770369846 0.06411306841458418 41
1778770544383 0.06418134644271474 42
1778770721380 0.07647139150621331 43
1778770904008 0.06418134644271474 44
1778771079941 0.061859893486276116 45
1778771250066 0.06117711320497064 46
1778771411181 0.05434931039191588 47
1778771573022 0.0594018844735764 48
1778771733492 0.06042605489553462 49
1778771893002 0.06008466475488188 50
1778772052698 0.05960671855796804 51
1778772213979 0.04895534616960262 52
1778772374864 0.05264235968865219 53
1778772523707 0.058172879967226546 54
1778772663582 0.053598252082479855 55
1778772780994 0.05749009968592107 56
1778772900178 0.04875051208521098 57
1778773017959 0.05366653011061041 58
1778773134808 0.050798852929127405 59
1778773252086 0.04847739997268879 60
1778773369554 0.0467704492694251 61
1778773487288 0.0411716509627202 62
1778773605762 0.044107606172333745 63
1778773725771 0.041717875187764576 64
1778773842049 0.04096681687832855 65
1778773960199 0.04274204560972279 66
1778774077611 0.043766216031681 67
1778774195173 0.04472210842550867 68
1778774314612 0.04205926532841731 69
1778774436254 0.03796258364058446 70
1778774559880 0.04417588420046429 71
1778774683146 0.04199098730028677 72
1778774805375 0.042605489553461696 73
1778774927740 0.04294687969411443 74
1778775050758 0.038235695753106654 75
1778775173377 0.03748463744367063 76
1778775295841 0.027379489280349584 77
1778775421667 0.03331967772770723 78
1778775544001 0.0 79
1778775666675 0.0 80
1778775790416 0.00027311211252219035 81
1778775926270 6.827802813054759e-05 82
1778776048727 0.00047794619691383315 83
1778776169867 0.00027311211252219035 84
1778776292742 0.0005462242250443807 85
1778776417558 6.827802813054759e-05 86
1778776554012 0.0010241704219582138 87
1778776680906 6.827802813054759e-05 88
1778776810860 0.00020483408439164277 89
1778776944128 0.00034139014065273795 90
1778777076464 0.00020483408439164277 91
1778777209053 0.00013655605626109517 92
1778777346289 0.00013655605626109517 93
1778777477089 0.00020483408439164277 94
1778777606571 0.00020483408439164277 95
1778777736940 0.001160726478219309 96
1778777868433 0.0012290045063498567 97
1778778007885 0.0009558923938276663 98
1778778146006 0.0013655605626109518 99
1778778280222 0.0016386726751331422 100
