1778764744704 -1.8870707217588591 1
1778764865453 -3.538780980149414 2
1778764986832 -5.061510333308467 3
1778765107994 -6.616758733129305 4
1778765228904 -8.144267533541706 5
1778765349475 -9.531798160615772 6
1778765469881 -10.726619840158847 7
1778765590348 -11.792487670364693 8
1778765711119 -12.979649457421322 9
1778765831584 -14.222925835676154 10
1778765951671 -15.52167379316479 11
1778766072274 -16.985508259431814 12
1778766191628 -18.632400818812993 13
1778766311511 -20.608441662886506 14
1778766432265 -22.831958480332613 15
1778766553736 -25.053756980739013 16
1778766673033 -27.262154021871435 17
1778766794641 -29.55000944490786 18
1778766915257 -31.993011400042246 19
1778767035837 -34.56036176799256 20
1778767156692 -37.06061745474859 21
1778767277066 -39.51231751618562 22
1778767396897 -41.69988534872424 23
1778767516802 -44.426283965876074 24
1778767636229 -47.916268823568714 25
1778767755061 -51.616987393226154 26
1778767890043 -55.48254435346941 27
1778768055012 -59.449239605248216 28
1778768218587 -63.502863730913326 29
1778768383005 -67.75058680404851 30
1778768546767 -71.92470409252026 31
1778768712548 -76.83885682659384 32
1778768899513 -81.69173538145215 33
1778769088342 -86.8546530484172 34
1778769266789 -92.17262129920991 35
1778769467984 -97.63546402856646 36
1778769677976 -102.75146300704391 37
1778769858611 -107.82010360215426 38
1778770022730 -113.1908509525252 39
1778770196998 -118.7264519836677 40
1778770369846 -123.87914312229235 41
1778770544383 -129.55903432398668 42
1778770721380 -135.44741943736136 43
1778770904008 -140.67979691744833 44
1778771079941 -145.7251942638507 45
1778771250066 -150.87939154856488 46
1778771411181 -156.26216251075022 47
1778771573022 -162.18733384874133 48
1778771733492 -168.1739041991685 49
1778771893002 -174.00534704388906 50
1778772052698 -179.65291259514453 51
1778772213979 -185.49878366101427 52
1778772374864 -191.48384976485139 53
1778772523707 -197.07743207515512 54
1778772663582 -202.35233055711282 55
1778772780994 -208.16764897476008 56
1778772900178 -213.72824350992838 57
1778773017959 -219.8082288263266 58
1778773134808 -225.21884152133768 59
1778773252086 -230.94819132486978 60
1778773369554 -237.13980177891108 61
1778773487288 -243.38353459236552 62
1778773605762 -249.75085637598863 63
1778773725771 -256.25669945610895 64
1778773842049 -262.7456580895946 65
1778773960199 -269.4463177590704 66
1778774077611 -275.6350463741601 67
1778774195173 -281.58448665917166 68
1778774314612 -287.795366954411 69
1778774436254 -293.85592594853154 70
1778774559880 -300.26577526453593 71
1778774683146 -306.67992046340504 72
1778774805375 -313.108012823411 73
1778774927740 -319.6908182528774 74
1778775050758 -326.19484355910816 75
1778775173377 -332.19587330759305 76
1778775295841 -339.74489722232266 77
1778775421667 -351.94140066139 78
1778775544001 -360.88766058776605 79
1778775666675 -369.1316176677437 80
1778775790416 -373.9277211883922 81
1778775926270 -381.04389708719134 82
1778776048727 -388.22320939680185 83
1778776169867 -395.0057835206083 84
1778776292742 -401.5029520419399 85
1778776417558 -407.7022153752331 86
1778776554012 -413.94607556503985 87
1778776680906 -420.34783822518807 88
1778776810860 -426.7516435536828 89
1778776944128 -432.9635546648944 90
1778777076464 -439.73900770650476 91
1778777209053 -446.23480394151477 92
1778777346289 -453.0815849147216 93
1778777477089 -459.5948804690514 94
1778777606571 -466.5342763264974 95
1778777736940 -473.34805335527585 96
1778777868433 -480.0839147999453 97
1778778007885 -487.1335542152938 98
1778778146006 -494.1385603539738 99
1778778280222 -501.1261682706605 100
