1778764744704 0.47726341663252764 1
1778764865453 0.5393281442031954 2
1778764986832 0.5951795712139833 3
1778765107994 0.6352587737266148 4
1778765228904 0.6511675542810323 5
1778765349475 0.6790932677864263 6
1778765469881 0.7494879147890209 7
1778765590348 0.7408166052164413 8
1778765711119 0.779052300969548 9
1778765831584 0.7977604806773181 10
1778765951671 0.8107333060221221 11
1778766072274 0.8405025262870408 12
1778766191628 0.8628294414857299 13
1778766311511 0.8943056124539124 14
1778766432265 0.848627611634576 15
1778766553736 0.8664481769766489 16
1778766673033 0.8795575583777141 17
1778766794641 0.8677454595111294 18
1778766915257 0.8837225180936774 19
1778767035837 0.8756657107742728 20
1778767156692 0.865833674723474 21
1778767277066 0.8891847603441213 22
1778767396897 0.9141745186399017 23
1778767516802 0.8975829578041786 24
1778767636229 0.9056397651235832 25
1778767755061 0.897378123719787 26
1778767890043 0.8949883927352178 27
1778768055012 0.8529974054349311 28
1778768218587 0.891642769356821 29
1778768383005 0.8992899085074423 30
1778768546767 0.8835859620374164 31
1778768712548 0.8869998634439438 32
1778768899513 0.8190632254540489 33
1778769088342 0.857981701488461 34
1778769266789 0.8262324184077564 35
1778769467984 0.796258364058446 36
1778769677976 0.851495288816059 37
1778769858611 0.8333333333333334 38
1778770022730 0.7662843097091356 39
1778770196998 0.7993991533524512 40
1778770369846 0.8030178888433702 41
1778770544383 0.802744776730848 42
1778770721380 0.8165369384132186 43
1778770904008 0.7195138604397106 44
1778771079941 0.7348081387409532 45
1778771250066 0.7769356820975011 46
1778771411181 0.7251126587464154 47
1778771573022 0.7304383449405981 48
1778771733492 0.7877236105421276 49
1778771893002 0.7988529291274068 50
1778772052698 0.7776184623788065 51
1778772213979 0.7221767035368019 52
1778772374864 0.7268878874778096 53
1778772523707 0.7634166325276526 54
1778772663582 0.6752014201829851 55
1778772780994 0.7774819063225454 56
1778772900178 0.7392462105694387 57
1778773017959 0.7080431517137785 58
1778773134808 0.7141881742455278 59
1778773252086 0.6971869452410214 60
1778773369554 0.7001911784787656 61
1778773487288 0.6968455551003687 62
1778773605762 0.6993035641130684 63
1778773725771 0.6950703263689745 64
1778773842049 0.6630479311757477 65
1778773960199 0.6949337703127134 66
1778774077611 0.738904820428786 67
1778774195173 0.6956848286221494 68
1778774314612 0.698757339888024 69
1778774436254 0.6756793663798989 70
1778774559880 0.7030588556602485 71
1778774683146 0.7307114570531204 72
1778774805375 0.6746551959579408 73
1778774927740 0.7312576812781647 74
1778775050758 0.7022395193226819 75
1778775173377 0.7141881742455278 76
1778775295841 0.6711047384951523 77
1778775421667 0.6464563703400246 78
1778775544001 0.00198006281578588 79
1778775666675 0.22244981564932403 80
1778775790416 0.10378260275843233 81
1778775926270 0.2888160589922163 82
1778776048727 0.7527652601392871 83
1778776169867 0.7361736993035641 84
1778776292742 0.5012290045063499 85
1778776417558 0.192270927215622 86
1778776554012 0.6118394100778369 87
1778776680906 0.21609995903318313 88
1778776810860 0.4364331558104602 89
1778776944128 0.2557012153489007 90
1778777076464 0.2800764713915062 91
1778777209053 0.26826437252492147 92
1778777346289 0.26648914379352723 93
1778777477089 0.2727707223815376 94
1778777606571 0.40611771132049707 95
1778777736940 0.3239792434794483 96
1778777868433 0.32875870544858665 97
1778778007885 0.2968045882834904 98
1778778146006 0.3897992625972962 99
1778778280222 0.45643861805271063 100
