1778764744704 0.16837361736993037 1
1778764865453 0.7556329373207702 2
1778764986832 0.79550730574901 3
1778765107994 0.7921616823706131 4
1778765228904 0.7839683189949475 5
1778765349475 0.8264372524921481 6
1778765469881 0.8224088488324457 7
1778765590348 0.8293732077017616 8
1778765711119 0.8289635395329783 9
1778765831584 0.8301242660111976 10
1778765951671 0.8461013245937458 11
1778766072274 0.841390140652738 12
1778766191628 0.8445992079748736 13
1778766311511 0.8296463198142837 14
1778766432265 0.8028813327871092 15
1778766553736 0.8628294414857299 16
1778766673033 0.8569575310665029 17
1778766794641 0.8512221767035368 18
1778766915257 0.8484227775501844 19
1778767035837 0.862965997541991 20
1778767156692 0.8786699440120169 21
1778767277066 0.8657653966953435 22
1778767396897 0.8873412535845965 23
1778767516802 0.8747780964085757 24
1778767636229 0.8820155673904138 25
1778767755061 0.8907551549911239 26
1778767890043 0.8789430561245392 27
1778768055012 0.8883654240065547 28
1778768218587 0.857230643179025 29
1778768383005 0.857981701488461 30
1778768546767 0.8653557285265602 31
1778768712548 0.8434384814966543 32
1778768899513 0.7974873685647959 33
1778769088342 0.8384541854431244 34
1778769266789 0.7929810187081797 35
1778769467984 0.8085484091219446 36
1778769677976 0.7605489553461696 37
1778769858611 0.7734535026628431 38
1778770022730 0.7695616550594019 39
1778770196998 0.7029222996039874 40
1778770369846 0.7522873139423734 41
1778770544383 0.7655332513996995 42
1778770721380 0.7892257271609996 43
1778770904008 0.8224088488324457 44
1778771079941 0.794005189130138 45
1778771250066 0.7578178342209477 46
1778771411181 0.7613000136556056 47
1778771573022 0.7795302471664618 48
1778771733492 0.8015840502526287 49
1778771893002 0.7533797623924621 50
1778772052698 0.7892257271609996 51
1778772213979 0.7710637716782739 52
1778772374864 0.7567253857708589 53
1778772523707 0.7847193773043835 54
1778772663582 0.784787655332514 55
1778772780994 0.7759115116755428 56
1778772900178 0.764713915062133 57
1778773017959 0.7645773590058719 58
1778773134808 0.7197186945241022 59
1778773252086 0.7503072511265875 60
1778773369554 0.7746142291410624 61
1778773487288 0.7229960398743684 62
1778773605762 0.7313942373344258 63
1778773725771 0.7266147753652874 64
1778773842049 0.7544722108425509 65
1778773960199 0.7701078792844462 66
1778774077611 0.7574081660521644 67
1778774195173 0.7513314215485457 68
1778774314612 0.760480677318039 69
1778774436254 0.7491465246483682 70
1778774559880 0.7488734125358459 71
1778774683146 0.7264782193090263 72
1778774805375 0.7175337976239247 73
1778774927740 0.7173972415676635 74
1778775050758 0.7326232418407757 75
1778775173377 0.6912467567936638 76
1778775295841 0.5686876962993309 77
1778775421667 0.6458418680868496 78
1778775544001 0.0009558923938276663 79
1778775666675 0.07865628840639083 80
1778775790416 0.03598252082479858 81
1778775926270 0.11805271063771679 82
1778776048727 0.14352041513041103 83
1778776169867 0.09142427966680322 84
1778776292742 0.18858391369657243 85
1778776417558 0.07298921207155537 86
1778776554012 0.0949747371295917 87
1778776680906 0.06834630615867814 88
1778776810860 0.15540079202512633 89
1778776944128 0.15369384132186262 90
1778777076464 0.06063088897992626 91
1778777209053 0.09634029769220265 92
1778777346289 0.09702307797350812 93
1778777477089 0.061586781373753924 94
1778777606571 0.0652737948928035 95
1778777736940 0.18052710637716782 96
1778777868433 0.13116209203878193 97
1778778007885 0.1293868633073877 98
1778778146006 0.24552778915744913 99
1778778280222 0.2451863990167964 100
