1778764744704 0.7842238548377993 1
1778764865453 0.6150070544966564 2
1778764986832 0.48230320302980756 3
1778765107994 0.37823367708065203 4
1778765228904 0.2966198722696636 5
1778765349475 0.2326163796528104 6
1778765469881 0.1824233139497395 7
1778765590348 0.14306071447795007 8
1778765711119 0.11219162498374766 9
1778765831584 0.1 10
1778765951671 0.1 11
1778766072274 0.1 12
1778766191628 0.1 13
1778766311511 0.1 14
1778766432265 0.1 15
1778766553736 0.1 16
1778766673033 0.1 17
1778766794641 0.1 18
1778766915257 0.1 19
1778767035837 0.1 20
1778767156692 0.1 21
1778767277066 0.1 22
1778767396897 0.1 23
1778767516802 0.1 24
1778767636229 0.1 25
1778767755061 0.1 26
1778767890043 0.1 27
1778768055012 0.1 28
1778768218587 0.1 29
1778768383005 0.1 30
1778768546767 0.1 31
1778768712548 0.1 32
1778768899513 0.1 33
1778769088342 0.1 34
1778769266789 0.1 35
1778769467984 0.1 36
1778769677976 0.1 37
1778769858611 0.1 38
1778770022730 0.1 39
1778770196998 0.1 40
1778770369846 0.1 41
1778770544383 0.1 42
1778770721380 0.1 43
1778770904008 0.1 44
1778771079941 0.1 45
1778771250066 0.1 46
1778771411181 0.1 47
1778771573022 0.1 48
1778771733492 0.1 49
1778771893002 0.1 50
1778772052698 0.1 51
1778772213979 0.1 52
1778772374864 0.1 53
1778772523707 0.1 54
1778772663582 0.1 55
1778772780994 0.1 56
1778772900178 0.1 57
1778773017959 0.1 58
1778773134808 0.1 59
1778773252086 0.1 60
1778773369554 0.1 61
1778773487288 0.1 62
1778773605762 0.1 63
1778773725771 0.1 64
1778773842049 0.1 65
1778773960199 0.1 66
1778774077611 0.1 67
1778774195173 0.1 68
1778774314612 0.1 69
1778774436254 0.1 70
1778774559880 0.1 71
1778774683146 0.1 72
1778774805375 0.1 73
1778774927740 0.1 74
1778775050758 0.1 75
1778775173377 0.1 76
1778775295841 0.1 77
1778775421667 0.1 78
1778775544001 0.1 79
1778775666675 0.1 80
1778775790416 0.1 81
1778775926270 0.1 82
1778776048727 0.1 83
1778776169867 0.1 84
1778776292742 0.1 85
1778776417558 0.1 86
1778776554012 0.1 87
1778776680906 0.1 88
1778776810860 0.1 89
1778776944128 0.1 90
1778777076464 0.1 91
1778777209053 0.1 92
1778777346289 0.1 93
1778777477089 0.1 94
1778777606571 0.1 95
1778777736940 0.1 96
1778777868433 0.1 97
1778778007885 0.1 98
1778778146006 0.1 99
1778778280222 0.1 100
