1778784437343 0.1444763075242387 1
1778784488506 0.1452273658336747 2
1778784542019 0.1388775092175338 3
1778784597493 0.14276935682097502 4
1778784655220 0.14488597569302197 5
1778784711877 0.1416086303427557 6
1778784763192 0.1490509354089854 7
1778784813464 0.1429059128772361 8
1778784864166 0.13853611907688107 9
1778784913208 0.13450771541717876 10
1778784962778 0.1444763075242387 11
1778785018101 0.14481769766489144 12
1778785074418 0.1472074286494606 13
1778785128864 0.1426328007647139 14
1778785182945 0.14898265738085484 15
1778785245297 0.14195002048340843 16
1778785305589 0.14051618189266693 17
1778785361984 0.13826300696435886 18
1778785419449 0.14481769766489144 19
1778785477763 0.13853611907688107 20
1778785533460 0.148504711183941 21
1778785588687 0.1450225317492831 22
1778785644167 0.14242796668032226 23
1778785697628 0.13710228048613957 24
1778785750835 0.14713915062133007 25
1778785804625 0.1430424689334972 26
1778785857193 0.14386180527106376 27
1778785909613 0.14195002048340843 28
1778785962627 0.14113068414584187 29
1778786016436 0.14229141062406117 30
1778786069803 0.13956028949883928 31
1778786123284 0.1486412672402021 32
1778786176856 0.1480267649870272 33
1778786229095 0.13894578724566434 34
1778786284128 0.1426328007647139 35
1778786336490 0.14358869315854159 36
1778786389122 0.1450225317492831 37
1778786442294 0.14509080977741362 38
1778786494307 0.14399836132732485 39
1778786548541 0.15068960808411852 40
1778786600956 0.14235968865219173 41
1778786652544 0.14222313259593064 42
1778786703381 0.1430424689334972 43
1778786754270 0.14372524921480268 44
1778786805580 0.13976512358323093 45
1778786856133 0.14782193090263554 46
1778786907599 0.14509080977741362 47
1778786959483 0.1416086303427557 48
1778787011826 0.13915062133005598 49
1778787064841 0.15130411033729346 50
