1778784437343 1.0 1
1778784488506 1.0 2
1778784542019 1.0 3
1778784597493 1.0 4
1778784655220 1.0 5
1778784711877 1.0 6
1778784763192 1.0 7
1778784813464 1.0 8
1778784864166 1.0 9
1778784913208 1.0 10
1778784962778 1.0 11
1778785018101 1.0 12
1778785074418 1.0 13
1778785128864 1.0 14
1778785182945 1.0 15
1778785245297 1.0 16
1778785305589 1.0 17
1778785361984 1.0 18
1778785419449 1.0 19
1778785477763 1.0 20
1778785533460 1.0 21
1778785588687 1.0 22
1778785644167 1.0 23
1778785697628 1.0 24
1778785750835 1.0 25
1778785804625 1.0 26
1778785857193 1.0 27
1778785909613 1.0 28
1778785962627 1.0 29
1778786016436 1.0 30
1778786069803 1.0 31
1778786123284 1.0 32
1778786176856 1.0 33
1778786229095 1.0 34
1778786284128 1.0 35
1778786336490 1.0 36
1778786389122 1.0 37
1778786442294 1.0 38
1778786494307 1.0 39
1778786548541 1.0 40
1778786600956 1.0 41
1778786652544 1.0 42
1778786703381 1.0 43
1778786754270 1.0 44
1778786805580 1.0 45
1778786856133 1.0 46
1778786907599 1.0 47
1778786959483 1.0 48
1778787011826 1.0 49
1778787064841 1.0 50
