1778784437343 1.2370692598231046 1
1778784488506 0.9237342414296703 2
1778784542019 0.9180911931481381 3
1778784597493 0.9159318897949815 4
1778784655220 0.9154619152653855 5
1778784711877 0.9146939287950964 6
1778784763192 0.9145009122758245 7
1778784813464 0.9141681903183706 8
1778784864166 0.9136541917490861 9
1778784913208 0.9137829499234879 10
1778784962778 0.9134712519714371 11
1778785018101 0.9134700635578407 12
1778785074418 0.913497639536367 13
1778785128864 0.9130393683665083 14
1778785182945 0.9130031933755051 15
1778785245297 0.9130383640405082 16
1778785305589 0.9132013707249252 17
1778785361984 0.913013475667302 18
1778785419449 0.9128944390595205 19
1778785477763 0.913061132033666 20
1778785533460 0.9129361589994941 21
1778785588687 0.9127511090211907 22
1778785644167 0.912586332716569 23
1778785697628 0.9126212524533762 24
1778785750835 0.9128560892348427 25
1778785804625 0.9127571921289703 26
1778785857193 0.9126506777702535 27
1778785909613 0.912610608241195 28
1778785962627 0.9122916819382106 29
1778786016436 0.9125000720406756 30
1778786069803 0.9126504681728504 31
1778786123284 0.9123227947042802 32
1778786176856 0.9125918374385362 33
1778786229095 0.912574030489588 34
1778786284128 0.9124474388091162 35
1778786336490 0.9122978149618141 36
1778786389122 0.9123266714590567 37
1778786442294 0.9124246635800036 38
1778786494307 0.912307177428846 39
1778786548541 0.9125421053342858 40
1778786600956 0.9124413272480906 41
1778786652544 0.9124703112943673 42
1778786703381 0.9122032957312501 43
1778786754270 0.9124561161906631 44
1778786805580 0.9125411213670739 45
1778786856133 0.9121943530722411 46
1778786907599 0.9122779633037348 47
1778786959483 0.9123006341633974 48
1778787011826 0.9121893287440876 49
1778787064841 0.9120968918741486 50
