1778780975810 0.13976512358323093 1
1778781010488 0.13969684555510037 2
1778781044719 0.14181346442714735 3
1778781078230 0.1418817424552779 4
1778781113536 0.1388775092175338 5
1778781150448 0.14242796668032226 6
1778781185138 0.13996995766762255 7
1778781219192 0.14256452273658338 8
1778781255290 0.14556875597432747 9
1778781289854 0.14092585006145023 10
1778781322813 0.1476170968182439 11
1778781356490 0.1403113478082753 12
1778781392922 0.14556875597432747 13
1778781428179 0.14625153625563295 14
1778781465265 0.14556875597432747 15
1778781513239 0.14550047794619692 16
1778781549217 0.15034821794346578 17
1778781588474 0.13819472893622833 18
1778781628272 0.1414720742864946 19
1778781667833 0.1430424689334972 20
1778781708443 0.1387409531612727 21
1778781740907 0.1444763075242387 22
1778781773233 0.14215485456780008 23
1778781805656 0.14386180527106376 24
1778781838447 0.1444763075242387 25
1778781870810 0.13880923118940325 26
1778781903259 0.1446128635804998 27
1778781935669 0.14754881879011333 28
1778781968440 0.13805817287996722 29
1778782000595 0.1361463880923119 30
1778782033137 0.14078929400518914 31
1778782065184 0.1378533387955756 32
1778782097492 0.14693431653693842 33
1778782129845 0.14099412808958078 34
1778782162344 0.14208657653966952 35
1778782194380 0.1404479038645364 36
1778782227010 0.1460467021712413 37
1778782259294 0.15082616414037964 38
1778782291770 0.1384678410487505 39
1778782323920 0.14215485456780008 40
1778782356377 0.14154035231462517 41
1778782388637 0.14222313259593064 42
1778782421087 0.1434521371022805 43
1778782453456 0.14215485456780008 44
1778782485915 0.1450225317492831 45
1778782518360 0.13956028949883928 46
1778782551049 0.1374436706267923 47
1778782583121 0.14488597569302197 48
1778782618523 0.14638809231189404 49
1778782654128 0.14754881879011333 50
