1778780975810 1.4713300351252772 1
1778781010488 1.1465350715711775 2
1778781044719 1.1427887160591628 3
1778781078230 1.1416363907449039 4
1778781113536 1.1411894940054466 5
1778781150448 1.1404866117508814 6
1778781185138 1.140250325693515 7
1778781219192 1.1401080717275172 8
1778781255290 1.1397360384218977 9
1778781289854 1.139683683713277 10
1778781322813 1.139222823543313 11
1778781356490 1.1393721138008337 12
1778781392922 1.1392715217645277 13
1778781428179 1.1391126650841639 14
1778781465265 1.1394113427327004 15
1778781513239 1.1391239355130451 16
1778781549217 1.139275961697347 17
1778781588474 1.138885854203024 18
1778781628272 1.138742872471672 19
1778781667833 1.1390008114492942 20
1778781708443 1.1387917777147802 21
1778781740907 1.1387026749030063 22
1778781773233 1.138951217931975 23
1778781805656 1.138854776635582 24
1778781838447 1.1388621416111542 25
1778781870810 1.1387328363249822 26
1778781903259 1.1387764534341946 27
1778781935669 1.1386200353932479 28
1778781968440 1.1385498064045063 29
1778782000595 1.138421976762544 30
1778782033137 1.1386309702700548 31
1778782065184 1.1384921203915475 32
1778782097492 1.1383359402786066 33
1778782129845 1.1384519588800124 34
1778782162344 1.138543444405858 35
1778782194380 1.1384691618106983 36
1778782227010 1.138348796975956 37
1778782259294 1.1384548625828308 38
1778782291770 1.1383203066916132 39
1778782323920 1.1380884151890445 40
1778782356377 1.1383445375740773 41
1778782388637 1.1381476656399636 42
1778782421087 1.138237850410948 43
1778782453456 1.1382700035601487 44
1778782485915 1.1380491004068665 45
1778782518360 1.1382400378768827 46
1778782551049 1.1382480474656502 47
1778782583121 1.138238092754113 48
1778782618523 1.1382826098198753 49
1778782654128 1.1382656872517778 50
