1778782677495 0.1 1
1778782696623 0.2 2
1778782718273 0.3 3
1778782740392 0.4 4
1778782762187 0.5 5
1778782784119 0.6 6
1778782805285 0.7 7
1778782827142 0.8 8
1778782848697 0.9 9
1778782871334 1.0 10
1778782892864 1.0 11
1778782913996 1.0 12
1778782935591 1.0 13
1778782957044 1.0 14
1778782977503 1.0 15
1778782998503 1.0 16
1778783019606 1.0 17
1778783040348 1.0 18
1778783060945 1.0 19
1778783082371 1.0 20
1778783102568 1.0 21
1778783123493 1.0 22
1778783143819 1.0 23
1778783164500 1.0 24
1778783186527 1.0 25
1778783208254 1.0 26
1778783230198 1.0 27
1778783252312 1.0 28
1778783274396 1.0 29
1778783296170 1.0 30
1778783317740 1.0 31
1778783339253 1.0 32
1778783360959 1.0 33
1778783383462 1.0 34
1778783405158 1.0 35
1778783425876 1.0 36
1778783445325 1.0 37
1778783466037 1.0 38
1778783486877 1.0 39
1778783507084 1.0 40
1778783528024 1.0 41
1778783548409 1.0 42
1778783568940 1.0 43
1778783591803 1.0 44
1778783615566 1.0 45
1778783639568 1.0 46
1778783663649 1.0 47
1778783687169 1.0 48
1778783711681 1.0 49
1778783735812 1.0 50
