1778782677495 0.12501706950703265 1
1778782696623 0.13232281851700123 2
1778782718273 0.13505393964222312 3
1778782740392 0.12501706950703265 4
1778782762187 0.13123037006691246 5
1778782784119 0.13211798443260958 6
1778782805285 0.13826300696435886 7
1778782827142 0.13396149119213438 8
1778782848697 0.13478082752970094 9
1778782871334 0.13525877372661477 10
1778782892864 0.12877236105421275 11
1778782913996 0.1292503072511266 12
1778782935591 0.13437115936091765 13
1778782957044 0.12747507851973236 14
1778782977503 0.13573671992352862 15
1778782998503 0.13710228048613957 16
1778783019606 0.13409804724839547 17
1778783040348 0.1328690427420456 18
1778783060945 0.13580499795165915 19
1778783082371 0.1364195002048341 20
1778783102568 0.13095725795439028 21
1778783123493 0.12747507851973236 22
1778783143819 0.1340297692202649 23
1778783164500 0.13867267513314216 24
1778783186527 0.13245937457326232 25
1778783208254 0.13573671992352862 26
1778783230198 0.12952341936364878 27
1778783252312 0.1308207018981292 28
1778783274396 0.13293732077017617 29
1778783296170 0.1323910965451318 30
1778783317740 0.1348491055578315 31
1778783339253 0.13580499795165915 32
1778783360959 0.13450771541717876 33
1778783383462 0.13710228048613957 34
1778783405158 0.13225454048887067 35
1778783425876 0.12569984978833812 36
1778783445325 0.12836269288542948 37
1778783466037 0.13430288133278712 38
1778783486877 0.13034275570121534 39
1778783507084 0.12931858527925713 40
1778783528024 0.1331421548545678 41
1778783548409 0.13061586781373755 42
1778783568940 0.13491738358596203 43
1778783591803 0.13396149119213438 44
1778783615566 0.1314352041513041 45
1778783639568 0.13389321316400382 46
1778783663649 0.12849924894169057 47
1778783687169 0.1272702444353407 48
1778783711681 0.12815785880103783 49
1778783735812 0.13034275570121534 50
