1778782677495 0.8885702580909464 1
1778782696623 0.9250990031407893 2
1778782718273 0.9066639355455415 3
1778782740392 0.8979926259729619 4
1778782762187 0.9339751467977605 5
1778782784119 0.9410760617233375 6
1778782805285 0.9292639628567527 7
1778782827142 0.9385497746825072 8
1778782848697 0.9288542946879694 9
1778782871334 0.9510446538303974 10
1778782892864 0.9248941690563977 11
1778782913996 0.9457189676362147 12
1778782935591 0.9225044380718285 13
1778782957044 0.913218626246074 14
1778782977503 0.9494059811552642 15
1778782998503 0.932541308207019 16
1778783019606 0.9145159087805544 17
1778783040348 0.9156083572306432 18
1778783060945 0.9278301242660112 19
1778783082371 0.936911102007374 20
1778783102568 0.9370476580636351 21
1778783123493 0.9030452000546224 22
1778783143819 0.9198415949747372 23
1778783164500 0.94763075242387 24
1778783186527 0.9450361873549092 25
1778783208254 0.9392325549638126 26
1778783230198 0.9171104738495153 27
1778783252312 0.9399836132732486 28
1778783274396 0.9244845008876144 29
1778783296170 0.9259866175064864 30
1778783317740 0.9170421958213847 31
1778783339253 0.9208657653966953 32
1778783360959 0.9255769493377032 33
1778783383462 0.9248941690563977 34
1778783405158 0.9229823842687424 35
1778783425876 0.9090536665301107 36
1778783445325 0.9204560972279121 37
1778783466037 0.9384814966543766 38
1778783486877 0.9233920524375256 39
1778783507084 0.9309026355318858 40
1778783528024 0.9211388775092175 41
1778783548409 0.918339478355865 42
1778783568940 0.9233237744093951 43
1778783591803 0.9244162228594838 44
1778783615566 0.9223678820155674 45
1778783639568 0.9324730301788884 46
1778783663649 0.9199098730028676 47
1778783687169 0.9164276935682097 48
1778783711681 0.9223678820155674 49
1778783735812 0.9199098730028676 50
