1778782677495 0.12494879147890209 1
1778782696623 0.13211798443260958 2
1778782718273 0.13464427147343985 3
1778782740392 0.12412945514133551 4
1778782762187 0.13068414584186808 5
1778782784119 0.13123037006691246 6
1778782805285 0.13778506076744504 7
1778782827142 0.13334698893895944 8
1778782848697 0.1340297692202649 9
1778782871334 0.13478082752970094 10
1778782892864 0.12843097091356 11
1778782913996 0.12843097091356 12
1778782935591 0.13409804724839547 13
1778782957044 0.1272702444353407 14
1778782977503 0.1348491055578315 15
1778782998503 0.13635122217670353 16
1778783019606 0.13362010105148164 17
1778783040348 0.1325959306295234 18
1778783060945 0.13539532978287588 19
1778783082371 0.1358732759797897 20
1778783102568 0.1308207018981292 21
1778783123493 0.12720196640721015 22
1778783143819 0.13368837907961217 23
1778783164500 0.13833128499248942 24
1778783186527 0.13225454048887067 25
1778783208254 0.1356001638672675 26
1778783230198 0.12931858527925713 27
1778783252312 0.13047931175747646 28
1778783274396 0.13245937457326232 29
1778783296170 0.13218626246074014 30
1778783317740 0.1345759934453093 31
1778783339253 0.13553188583913697 32
1778783360959 0.13430288133278712 33
1778783383462 0.13696572442987848 34
1778783405158 0.13211798443260958 35
1778783425876 0.1254267376758159 36
1778783445325 0.12822613682916836 37
1778783466037 0.13389321316400382 38
1778783486877 0.1300013655605626 39
1778783507084 0.1289771951386044 40
1778783528024 0.1328690427420456 41
1778783548409 0.13006964358869316 42
1778783568940 0.13430288133278712 43
1778783591803 0.13389321316400382 44
1778783615566 0.13109381401065137 45
1778783639568 0.13334698893895944 46
1778783663649 0.12802130274477674 47
1778783687169 0.12713368837907962 48
1778783711681 0.12767991260412398 49
1778783735812 0.1302744776730848 50
