1778782677495 0.14310088404166846 1
1778782696623 0.1690746270457413 2
1778782718273 0.14335504529898058 3
1778782740392 0.12384788702728818 4
1778782762187 0.11176656963832585 5
1778782784119 0.10578190472452238 6
1778782805285 0.1011067038946191 7
1778782827142 0.09735046022038892 8
1778782848697 0.09466706070696375 9
1778782871334 0.0920928347656511 10
1778782892864 0.09150453074356166 11
1778782913996 0.09120332699560334 12
1778782935591 0.09093340480155905 13
1778782957044 0.09056778620054692 14
1778782977503 0.09041597591444789 15
1778782998503 0.09016077294025893 16
1778783019606 0.09005048809718694 17
1778783040348 0.08969668982696141 18
1778783060945 0.08999791825688425 19
1778783082371 0.08950833192884677 20
1778783102568 0.08920076014205752 21
1778783123493 0.08930336127494588 22
1778783143819 0.08902341864788484 23
1778783164500 0.08899122053458366 24
1778783186527 0.08882011399592882 25
1778783208254 0.08863976134807484 26
1778783230198 0.08862296172988758 27
1778783252312 0.0883839140979596 28
1778783274396 0.08843133699746779 29
1778783296170 0.08818522731892366 30
1778783317740 0.08799577579515461 31
1778783339253 0.08796607842477261 32
1778783360959 0.08773658058218996 33
1778783383462 0.08772696913392455 34
1778783405158 0.08768300141817258 35
1778783425876 0.08748714665694492 36
1778783445325 0.08753979448305726 37
1778783466037 0.08723744385159064 38
1778783486877 0.08747971565328508 39
1778783507084 0.08722213827410844 40
1778783528024 0.08713950189175429 41
1778783548409 0.0868942305108402 42
1778783568940 0.08687088034525821 43
1778783591803 0.08711953833699226 44
1778783615566 0.08668140455344577 45
1778783639568 0.08666614847786633 46
1778783663649 0.08675020739988044 47
1778783687169 0.08679636000605767 48
1778783711681 0.08682680332366331 49
1778783735812 0.08684250076182586 50
