1778782677495 0.8882288679502935 1
1778782696623 0.9233920524375256 2
1778782718273 0.9047521507578861 3
1778782740392 0.8926669397787792 4
1778782762187 0.9295370749692748 5
1778782784119 0.9353407073603714 6
1778782805285 0.9248258910282671 7
1778782827142 0.9349310391915882 8
1778782848697 0.9229823842687424 9
1778782871334 0.9465383039737812 10
1778782892864 0.9204560972279121 11
1778782913996 0.9408029496108152 12
1778782935591 0.9184077563839956 13
1778782957044 0.9110337293458964 14
1778782977503 0.9442168510173427 15
1778782998503 0.927557012153489 16
1778783019606 0.9116482315990714 17
1778783040348 0.9130137921616823 18
1778783060945 0.9252355591970504 19
1778783082371 0.9331558104601939 20
1778783102568 0.9352724293322409 21
1778783123493 0.9001092448450089 22
1778783143819 0.9177249761026901 23
1778783164500 0.9448996312986481 24
1778783186527 0.9423733442578178 25
1778783208254 0.9368428239792435 26
1778783230198 0.9142427966680322 27
1778783252312 0.93766216031681 28
1778783274396 0.9212071555373481 29
1778783296170 0.9233237744093951 30
1778783317740 0.9147890208930766 31
1778783339253 0.918339478355865 32
1778783360959 0.9234603304656561 33
1778783383462 0.9228458282124812 34
1778783405158 0.9210705994810869 35
1778783425876 0.9070053256861942 36
1778783445325 0.91895398060904 37
1778783466037 0.9354772634166325 38
1778783486877 0.9212071555373481 39
1778783507084 0.9277618462378806 40
1778783528024 0.9191588146934316 41
1778783548409 0.9157449132869043 42
1778783568940 0.9207974873685648 43
1778783591803 0.9225044380718285 44
1778783615566 0.9199098730028676 45
1778783639568 0.9294687969411444 46
1778783663649 0.918339478355865 47
1778783687169 0.9146524648368155 48
1778783711681 0.919705038918476 49
1778783735812 0.9177932541308207 50
