1778782677495 0.48143037957419094 1
1778782696623 0.19549409980759208 2
1778782718273 0.14752725280300089 3
1778782740392 0.12614691110304843 4
1778782762187 0.11597505395795092 5
1778782784119 0.11274370494386787 6
1778782805285 0.11106209081325512 7
1778782827142 0.11094117186074394 8
1778782848697 0.11158970734219492 9
1778782871334 0.11169100445484428 10
1778782892864 0.110210663880463 11
1778782913996 0.10951377304247868 12
1778782935591 0.10928755449782673 13
1778782957044 0.1084323414743192 14
1778782977503 0.10754920951562164 15
1778782998503 0.10731918469010067 16
1778783019606 0.10698121802981007 17
1778783040348 0.10621309889012893 18
1778783060945 0.10578182264549252 19
1778783082371 0.10568496221561491 20
1778783102568 0.10511982338234721 21
1778783123493 0.10456262213089829 22
1778783143819 0.10478874124249313 23
1778783164500 0.10444548318292869 24
1778783186527 0.10399502431475577 25
1778783208254 0.10398212204008926 26
1778783230198 0.10367904223287057 27
1778783252312 0.10312507113004908 28
1778783274396 0.10323405265808105 29
1778783296170 0.10315317531794678 30
1778783317740 0.10262534160304952 31
1778783339253 0.10240955304339099 32
1778783360959 0.10277622895230973 33
1778783383462 0.10263599860079495 34
1778783405158 0.1020111866417981 35
1778783425876 0.10218020205083207 36
1778783445325 0.10202403017032294 37
1778783466037 0.1019909635431482 38
1778783486877 0.10175549502603311 39
1778783507084 0.10215370375433086 40
1778783528024 0.10128113023415515 41
1778783548409 0.1012207325931194 42
1778783568940 0.10160872774053012 43
1778783591803 0.10121575723030439 44
1778783615566 0.10118506244793841 45
1778783639568 0.1012341519932688 46
1778783663649 0.10137955730957258 47
1778783687169 0.10136411680912776 48
1778783711681 0.10133918210741424 49
1778783735812 0.10031166829076814 50
