1778782677495 0.49574046830336255 1
1778782696623 0.2293090268417641 2
1778782718273 0.19053376781842346 3
1778782740392 0.17568606720785054 4
1778782762187 0.17185833826354502 5
1778782784119 0.17621285039088364 6
1778782805285 0.18183678201564546 7
1778782827142 0.18882154216491637 8
1778782848697 0.19679005949953457 9
1778782871334 0.20378383941979075 10
1778782892864 0.20171519454737258 11
1778782913996 0.20071710002275162 12
1778782935591 0.2002209592993858 13
1778782957044 0.19900012746024034 14
1778782977503 0.19796518549139117 15
1778782998503 0.19747995756903794 16
1778783019606 0.19703170601968412 17
1778783040348 0.19590978873242076 18
1778783060945 0.19577974127030667 19
1778783082371 0.19519329396049673 20
1778783102568 0.19432058390766505 21
1778783123493 0.19386598375844366 22
1778783143819 0.19381215978306507 23
1778783164500 0.19343670371751237 24
1778783186527 0.19281513811138923 25
1778783208254 0.19262188326552082 26
1778783230198 0.19230200420804475 27
1778783252312 0.19150898528933036 28
1778783274396 0.19166539026876536 29
1778783296170 0.19133840243757508 30
1778783317740 0.19062111753617786 31
1778783339253 0.19037563093159915 32
1778783360959 0.1905128094578476 33
1778783383462 0.1903629681946319 34
1778783405158 0.18969418795265777 35
1778783425876 0.18966734896839402 36
1778783445325 0.18956382505197095 37
1778783466037 0.1892284077320079 38
1778783486877 0.18923521075597025 39
1778783507084 0.18937584184447434 40
1778783528024 0.18842063234053522 41
1778783548409 0.1881149626440472 42
1778783568940 0.18847960837706618 43
1778783591803 0.18833529532201004 44
1778783615566 0.18786646695539294 45
1778783639568 0.18790030047113512 46
1778783663649 0.18812976495473963 47
1778783687169 0.18816047661589005 48
1778783711681 0.18816598526244302 49
1778783735812 0.1871541691905677 50
